111 200 23 122 2313 13 3
111 100 1 1 1 1 1
111 100 0 1 1956660736 8589096 2002963545 8586624
  0 1 1956660736 8589096 7404844 1956224974
  0 1 1956660736 8589096 7404844 1956224974
  0 1 1956660736 8589096 7404844 1956224974
  0 1 1956660736 8589096 7404844 1956224974
  0 1 1956660736 8589096 7404844 1956224974
  0 1 1956660736 8589096 7404844 1956224974
  0 1 1956660736 8589096 7404844 1956224974
  0 1 1956660736 8589096 7404844 1956224974
  0 1 1956660736 8589096 7404844 1956224974
  0 1 1956660736 8589096 7404844 1956224974
  0 1 1956660736 8589096 7404844 1956224974
  0 1 1956660736 8589096 7404844 1956224974
  0 1 1956660736 8589096 7404844 1956224974
  0 1 1956660736 8589096 7404844 1956224974
  0 1 1956660736 8589096 7404844 1956224974
  0 1 1956660736 8589096 7404844 1956224974
  0 1 1956660736 8589096 7404844 1956224974
  0 1 1956660736 8589096 7404844 1956224974
  0 1 1956660736 8589096 7404844 1956224974
  0 1 1956660736 8589096 7404844 1956224974
  0 1 1956660736 8589096 7404844 1956224974
  0 1 1956660736 8589096 7404844 1956224974
  0 1 1956660736 8589096 7404844 1956224974
  0 1 1956660736 8589096 7404844 1956224974
  0 1 1956660736 8589096 7404844 1956224974
  0 1 1956660736 8589096 7404844 1956224974
  0 1 1956660736 8589096 7404844 1956224974
  0 1 1956660736 8589096 7404844 1956224974
  0 1 1956660736 8589096 7404844 1956224974
  0 1 1956660736 8589096 7404844 1956224974
  0 1 1956660736 8589096 7404844 1956224974
  0 1 1956660736 8589096 7404844 1956224974
  0 1 1956660736 8589096 7404844 1956224974
  0 1 1956660736 8589096 7404844 1956224974
  0 1 1956660736 8589096 7404844 1956224974
  0 1 1956660736 8589096 7404844 1956224974
  0 1 1956660736 8589096 7404844 1956224974
  0 1 1956660736 8589096 7404844 1956224974
  0 1 1956660736 8589096 7404844 1956224974
  0 1 1956660736 8589096 7404844 1956224974
  0 1 1956660736 8589096 7404844 1956224974
  0 1 1956660736 8589096 7404844 1956224974
  0 1 1956660736 8589096 7404844 1956224974
  0 1 1956660736 8589096 7404844 1956224974
  0 1 1956660736 8589096 7404844 1956224974
  0 1 1956660736 8589096 7404844 1956224974
  0 1 1956660736 8589096 7404844 1956224974
  0 1 1956660736 8589096 7404844 1956224974
  0 1 1956660736 8589096 7404844 1956224974
  0 1 1956660736 8589096 7404844 1956224974
  0 1 1956660736 8589096 7404844 1956224974
  0 1 1956660736 8589096 7404844 1956224974
  0 1 1956660736 8589096 7404844 1956224974
  0 1 1956660736 8589096 7404844 1956224974
  0 1 1956660736 8589096 7404844 1956224974
  0 1 1956660736 8589096 7404844 1956224974
  0 1 1956660736 8589096 7404844 1956224974
  0 1 1956660736 8589096 7404844 1956224974
  0 1 1956660736 8589096 7404844 1956224974
  0 1 1956660736 8589096 7404844 1956224974
  0 1 1956660736 8589096 7404844 1956224974
  0 1 1956660736 8589096 7404844 1956224974
  0 1 1956660736 8589096 7404844 1956224974
  0 1 1956660736 8589096 7404844 1956224974
  0 1 1956660736 8589096 7404844 1956224974
  0 1 1956660736 8589096 7404844 1956224974
  0 1 1956660736 8589096 7404844 1956224974
  0 1 1956660736 8589096 7404844 1956224974
  0 1 1956660736 8589096 7404844 1956224974
  0 1 1956660736 8589096 7404844 1956224974
  0 1 1956660736 8589096 7404844 1956224974
  0 1 1956660736 8589096 7404844 1956224974
  0 1 1956660736 8589096 7404844 1956224974
  0 1 1956660736 8589096 7404844 1956224974
  0 1 1956660736 8589096 7404844 1956224974
  0 1 1956660736 8589096 7404844 1956224974
  0 1 1956660736 8589096 7404844 1956224974
  0 1 1956660736 8589096 7404844 1956224974
  0 1 1956660736 8589096 7404844 1956224974
  0 1 1956660736 8589096 7404844 1956224974
  0 1 1956660736 8589096 7404844 1956224974
  0 1 1956660736 8589096 7404844 1956224974
  0 1 1956660736 8589096 7404844 1956224974
  0 1 1956660736 8589096 7404844 1956224974
  0 1 1956660736 8589096 7404844 1956224974
  0 1 1956660736 8589096 7404844 1956224974
  0 1 1956660736 8589096 7404844 1956224974
  0 1 1956660736 8589096 7404844 1956224974
  0 1 1956660736 8589096 7404844 1956224974
  0 1 1956660736 8589096 7404844 1956224974
  0 1 1956660736 8589096 7404844 1956224974
  0 1 1956660736 8589096 7404844 1956224974
  0 1 1956660736 8589096 7404844 1956224974
  0 1 1956660736 8589096 7404844 1956224974
  0 1 1956660736 8589096 7404844 1956224974
  0 1 1956660736 8589096 7404844 1956224974
  0 1 1956660736 8589096 7404844 1956224974
  0 1 1956660736 8589096 7404844 1956224974
  0 1 1956660736 8589096 7404844 1956224974
  0 1 1956660736 8589096 7404844 1956224974
  0 1 1956660736 8589096 7404844 1956224974
  0 1 1956660736 8589096 7404844 1956224974
  0 1 1956660736 8589096 7404844 1956224974
  0 1 1956660736 8589096 7404844 1956224974
  0 1 1956660736 8589096 7404844 1956224974
  0 1 1956660736 8589096 7404844 1956224974
  0 1 1956660736 8589096 7404844 1956224974
  0 1 1956660736 8589096 7404844 1956224974
  0 1 1956660736 8589096 7404844 1956224974
  0 1 1956660736 8589096 7404844 1956224974
  0 1 1956660736 8589096 7404844 1956224974
  0 1 1956660736 8589096 7404844 1956224974
  0 1 1956660736 8589096 7404844 1956224974
  0 1 1956660736 8589096 7404844 1956224974
  0 1 1956660736 8589096 7404844 1956224974
  0 1 1956660736 8589096 7404844 1956224974
  0 1 1956660736 8589096 7404844 1956224974
  0 1 1956660736 8589096 7404844 1956224974
  0 1 1956660736 8589096 7404844 1956224974
  0 1 1956660736 8589096 7404844 1956224974
  0 1 1956660736 8589096 7404844 1956224974
  0 1 1956660736 8589096 7404844 1956224974
  0 1 1956660736 8589096 7404844 1956224974
  0 1 1956660736 8589096 7404844 1956224974
  0 1 1956660736 8589096 7404844 1956224974
  0 1 1956660736 8589096 7404844 1956224974
  0 1 1956660736 8589096 7404844 1956224974
  0 1 1956660736 8589096 7404844 1956224974
  0 1 1956660736 8589096 7404844 1956224974
  0 1 1956660736 8589096 7404844 1956224974
  0 1 1956660736 8589096 7404844 1956224974
  0 1 1956660736 8589096 7404844 1956224974
  0 1 1956660736 8589096 7404844 1956224974
111 100 43 12 1956660736 45 55 55
 100 3 2 2003051235 3 34 6
